00000000000000000000000000000000000000000000000000000000000000000000000000000000
00000000000000000000000000000000000000000000000000000000000000000000000000000000
00000000000000000000000000000000000000000000000000000000000000000000000000000000
00000000000000010000000000000010000000000000000010000000000000001100000000000000
00000000000000011000111100000110000000000010000010000000111111110000000000000000
00000000000001111110100000000111111111100010000010000000100000000000000000000000
00000000000000100100100000001000010000000011011111110000100001000000000000000000
00000000000000100100100000011000010000000111100010010000100001000000000000000000
00000000000001111111111110000111111111000110100010010000100001000000000000000000
00000000000000001000100100000100010000000010000010010000111111111110000000000000
00000000000000001000100100000100010000000010011111111000000001000000000000000000
00000000000001111110100100000100010000000010000011000000000001000000000000000000
00000000000000001000100100011111111111100010000111000000010001001000000000000000
00000000000001001101000100000000010000000010000100100000100001000100000000000000
00000000000001001011000100000000010000000010001100110001100001000110000000000000
00000000000000011001000100000000010000000010011000011001000001000010000000000000
00000000000000110000000100000000010000000010010000001000000110000000000000000000
00000000000000000000000000000000000000000000000000000000000000000000000000000000
00000000000000000000000000000000000000000000000000000000000000000000000000000000
00000000000000000000000000000000000000000000000000000000000000000000000000000000
